NW_019168381.1_Durio_zibethinus_cultivar_Musang_King_isolate_D1_unplaced_genomic_scaffold__Duzib1.0_scaffold_6__whole_genome_shotgun_sequence
2257 3735
592057 593056
1193197 1200916
1224528 1225926
2337603 2338029
2483523 2483654
2530395 2530695
2608916 2608982
2827894 2837731
2847103 2853237
3032319 3032522
3230879 3236847
3256080 3276233
3304389 3304535
3506702 3506978
3700020 3700294
3794973 3795173
3990726 3990946
4494504 4495557
4498045 4498457
4501222 4501740
4505086 4506108
4520144 4520960
4523833 4525778
4912363 4912460
5127366 5127495
5145852 5146164
5172231 5172708
5276795 5277997
5381823 5381974
5480845 5481525
5557143 5557499
5798137 5798594
5846968 5847967
6192852 6192979
6351329 6351475
6533964 6534215
6979284 6980083
7118116 7119098
7219470 7219541
7243377 7244376
7302991 7303990
7315926 7335203
7432292 7432721
7493589 7494038
7840083 7847297
7910099 7910284
7934943 7953041
8007924 8008054
8366670 8367059
8388644 8388736
8391022 8391126
8834545 8838704
9319802 9319943
9376662 9377661
9480324 9481323
9485879 9514949
9726064 9727063
10125426 10126912
10245101 10245382
10912738 10919647
11167573 11175739
11176626 11185154
11185454 11186493
11188765 11191190
11217876 11218402
11218780 11236871
11237291 11238560
11290592 11292101
11369653 11382996
12113006 12116757
12375605 12378234
12398083 12398957
12408884 12411999
12426323 12437691
12455815 12456814
12535392 12548605
12570583 12571582
12633578 12649806
12675767 12677652
12698694 12701381
12764654 12767667
12768321 12770628
12835967 12836970
13014069 13014259
13581400 13582399
13647425 13647842
13772701 13772877
13975270 13976358
14041430 14041602
14235315 14235435
14324792 14327607
14568796 14570163
14646764 14647765
14736936 14739380
14900185 14900286
15069176 15069280
15229709 15229847
15561730 15564030
15583819 15584711
15680915 15681382
15760791 15772723
15780261 15781112
15790225 15790700
15791396 15792350
15811467 15811950
15812146 15813443
15817873 15826075
15829706 15829875
15839014 15839457
15882856 15888839
15937476 15954518
16024125 16026550
16214893 16215892
16267537 16340861
16517261 16551641
16884820 16889381
16949831 16988370
17134769 17164559
17165822 17165935
17456804 17456893
17927157 17927379
17989566 17990022
18152599 18153851
18173688 18174687
18831686 18831913
19176428 19180667
19589252 19591663
19825761 19828730
19923261 19924264
20220873 20221409
20305530 20327058
20331190 20331348
20332764 20332888
20506313 20527091
20535441 20537945
20594338 20626921
20632444 20632715
20653112 20654113
20785254 20791892
20814821 20818163
21166377 21166521
21175418 21176417
21194959 21195050
21298394 21299393
21412138 21412531
21543105 21543271
21642197 21642737
22182707 22184152
22353945 22354433
22447483 22461829
22543626 22578143
22580761 22581140
22602511 22603513
22629510 22630008
22698979 22700898
22825315 22826746
22866153 22866428
22866827 22866954
22870451 22871452
22945211 22951583
23091981 23098111
23110521 23110580
23293463 23295895
23413307 23420435
23464981 23467739
23479742 23480741
23786326 23786430
23808066 23821212
23884395 23889601
23898204 23902712
23904079 23904210
23949370 23949473
24214578 24240700
24258777 24264922
24274315 24275355
24568288 24576929
24750332 24750721
25007996 25008353
25137889 25137990
25151453 25151729
25215832 25216601
25521834 25528759
25812473 25812653
