NW_019168381.1_Durio_zibethinus_cultivar_Musang_King_isolate_D1_unplaced_genomic_scaffold__Duzib1.0_scaffold_6__whole_genome_shotgun_sequence
2257 3735
181050 181105
592057 593056
1193195 1200916
1224528 1225926
1568639 1568793
1971494 1971584
2337603 2338029
2483523 2483654
2530395 2530695
2608916 2608982
2827894 2837758
2842008 2844422
2844760 2853237
3032319 3032522
3230878 3236847
3256077 3276233
3304389 3304535
3324697 3324754
3506702 3506978
3679596 3680685
3700020 3700294
3794973 3795173
3990726 3990946
4123873 4124032
4494503 4498183
4501222 4501736
4505085 4510340
4520136 4520960
4523833 4525778
4912363 4912460
4963046 4965120
5127372 5127495
5145852 5146164
5172231 5172708
5276795 5277997
5381823 5381974
5480845 5481525
5557143 5557499
5832960 5833119
5846968 5847967
6192847 6192979
6351329 6351475
6533964 6534215
6875662 6876418
6979284 6980083
7118116 7119098
7219470 7219541
7243377 7244376
7302991 7303990
7315943 7335199
7432292 7432721
7493590 7494038
7840083 7847279
7910099 7910284
7934967 7953041
8007924 8008054
8366670 8367059
8388644 8388823
8391022 8391126
8834545 8838704
9319857 9320049
9376662 9377661
9480324 9481323
9485879 9514949
9726064 9727063
9977163 9977378
10025021 10025253
10125913 10127400
10136917 10137987
10245101 10245382
10500754 10500864
10912738 10919647
11167573 11175739
11176626 11185154
11185454 11186493
11188765 11191190
11217876 11218402
11218780 11236871
11237291 11238560
11283448 11283627
11290592 11292101
11369653 11382996
12075386 12075900
12113004 12116755
12375605 12378234
12398083 12398957
12408884 12411999
12426323 12437642
12455815 12456814
12535392 12548605
12570583 12571582
12585622 12586089
12633578 12649806
12675767 12677652
12698694 12701381
12764654 12769099
12769629 12770628
12835967 12836970
13400526 13400772
13401980 13402045
13436593 13436766
13581400 13582399
13647425 13647842
13772701 13772877
13781523 13782582
13975270 13976358
14041430 14041602
14235315 14235435
14324792 14327607
14568796 14570163
14646764 14647765
14736936 14739380
14900185 14900286
15069176 15069280
15179195 15179395
15229709 15229847
15284221 15285337
15561730 15564030
15583819 15584711
15680915 15681382
15740629 15740799
15760791 15772723
15780261 15781112
15790225 15790700
15791396 15792350
15811451 15811950
15812146 15813443
15817873 15826075
15829708 15829877
15839014 15839457
15882856 15888839
15938872 15955916
16024125 16026550
16214893 16215892
16267537 16340861
16517241 16551641
16727504 16727560
16884820 16886700
16888878 16889381
16949831 16988370
17134769 17164559
17165821 17165935
17228003 17228173
17456804 17456893
17927157 17927379
17989566 17990022
18152599 18153009
18153486 18153600
18153703 18153851
18173688 18174687
18597813 18597982
18831686 18831913
18937401 18937699
19110960 19111020
19176428 19180667
19589252 19591663
19825761 19828582
19923261 19924264
19947196 19947376
20220873 20221409
20305530 20327058
20331185 20331343
20506313 20527099
20535441 20537945
20594338 20626921
20632444 20632715
20653112 20654113
20785254 20791892
20814821 20818163
21166319 21166461
21175418 21176417
21194959 21195050
21298394 21299393
21412138 21412531
21425556 21425742
21543105 21543271
21597444 21597584
21642197 21642737
22182707 22184152
22353945 22354433
22447483 22461829
22543626 22578143
22580761 22581140
22602511 22603513
22629510 22630008
22698979 22700898
22825315 22826746
22866153 22867188
22870451 22871452
23091981 23098111
23293463 23294462
23413307 23420435
23464981 23467738
23479742 23480741
23786326 23786430
23808071 23821212
23884395 23889601
23898204 23902711
23904079 23904210
23949370 23949473
24214578 24240700
24258777 24264922
24274315 24275353
24568299 24576929
24750057 24750721
25007637 25007993
25137889 25137990
25151453 25151729
25215832 25216601
25476452 25476939
25515744 25522833
25675100 25675229
25812473 25812653
25831493 25831653
